tmp_inert.ww = 917.8841312272183;
tmp_inert.wh = 853.8504981773996;
tmp_inert.wx = 495.13090142039175;
tmp_inert.wy = 25.409940747932296;
tmp_inert.wz = 999;
tmp_inert.g = 0.2;
tmp_inert.animcycle_id = "room_historicalsociety_closet_fgpipes";
tmp_inert.reqs = [[
]]

