tmp_inert.ww = 1008.9370390464723;
tmp_inert.wh = 914.004317156754;
tmp_inert.wx = -26.637644918115086;
tmp_inert.wy = 53.28041040300866;
tmp_inert.wz = 999;
tmp_inert.g = 0.4;
tmp_inert.animcycle_id = "fgpipes";
tmp_inert.reqs = [[
]];

