tmp_inert.ww = 288.7991253327396;
tmp_inert.wh = 291.62036450312695;
tmp_inert.wx = -187.6692620820057;
tmp_inert.wy = -26.41218718451732;
tmp_inert.wz = 0.1;
tmp_inert.g = 0;
tmp_inert.animcycle_id = "room_historicalsociety_closet_dirty_chair";
tmp_inert.reqs = [[
]];

