tmp_inert.ww = 372.77620325031677;
tmp_inert.wh = 306.648311065679;
tmp_inert.wx = -729.0817869460672;
tmp_inert.wy = -57.90802445557321;
tmp_inert.wz = 0.1;
tmp_inert.g = 0;
tmp_inert.animcycle_id = "room_historicalsociety_closet_dirty_desk";
tmp_inert.reqs = [[
]];

