tmp_inert.ww = 618.0298311330639;
tmp_inert.wh = 231.72727272727278;
tmp_inert.wx = -234.2300028128559;
tmp_inert.wy = 40.95474068806867;
tmp_inert.wz = 10;
tmp_inert.g = 0;
tmp_inert.animcycle_id = "librarydesk";
tmp_inert.reqs = [[
]];

