tmp_inert.ww = 1663.0390033943024;
tmp_inert.wh = 455.9523950763754;
tmp_inert.wx = -17.928885598877514;
tmp_inert.wy = -336.37535166745874;
tmp_inert.wz = 999;
tmp_inert.g = 0;
tmp_inert.animcycle_id = "libraryfg";
tmp_inert.reqs = [[
]];

