tmp_inert.ww = 1663.0390033943024;
tmp_inert.wh = 455.9523950763754;
tmp_inert.wx = -28.353128023119552;
tmp_inert.wy = -260.79959409170124;
tmp_inert.wz = 999;
tmp_inert.g = 0;
tmp_inert.animcycle_id = "libraryfg";
tmp_inert.reqs = [[
]];

