tmp_inert.ww = 1663.0390033943024;
tmp_inert.wh = 455.9523950763754;
tmp_inert.wx = -21.837976507968165;
tmp_inert.wy = -286.8602001523072;
tmp_inert.wz = 999;
tmp_inert.g = 0;
tmp_inert.animcycle_id = "libraryfg";
tmp_inert.reqs = [[
]];

