tmp_inert.ww = 423.94524295076604;
tmp_inert.wh = 241.7588850174216;
tmp_inert.wx = -17.657155158539638;
tmp_inert.wy = -51.879442508710795;
tmp_inert.wz = 4;
tmp_inert.g = 0;
tmp_inert.animcycle_id = "frontdesk";
tmp_inert.reqs = [[
]];

