tmp_inert.ww = 870.0000000000002;
tmp_inert.wh = 214;
tmp_inert.wx = 2.483609070950479;
tmp_inert.wy = -272.9478270719087;
tmp_inert.wz = 999;
tmp_inert.g = 0.1;
tmp_inert.animcycle_id = "fgcarts";
tmp_inert.reqs = [[
]];

