tmp_inert.ww = 248.00000000000003;
tmp_inert.wh = 169.99999999999991;
tmp_inert.wx = -413.4701224504116;
tmp_inert.wy = -269.99999999999994;
tmp_inert.wz = 5;
tmp_inert.g = 0;
tmp_inert.animcycle_id = "fgtextile";
tmp_inert.reqs = [[
]];

